http://www.falstad.com/circuit/circuitjs.html

1. http://tinyurl.com/j5l4j5u

$ 1 0.000005 10.20027730826997 50 5 43
v 144 352 144 224 0 0 40 80 0 0 0.5
v 144 416 144 352 0 0 40 120 0 0 0.5
r 256 224 368 224 0 350
r 368 224 368 304 0 410
r 368 304 464 304 0 360
r 368 304 256 304 0 650
r 368 224 464 224 0 130
w 256 224 256 304 0
w 256 224 144 224 0
w 464 224 464 304 0
w 464 304 464 416 0
r 464 416 368 416 0 750
r 272 384 352 384 0 310
r 272 448 352 448 0 190
w 352 384 352 416 0
w 352 448 352 416 0
w 352 416 368 416 0
w 272 384 272 416 0
w 272 416 272 448 0
w 272 416 144 416 0

2. http://tinyurl.com/jxrlcwo

$ 1 0.000005 10.20027730826997 50 5 43
v 80 416 80 336 0 0 40 180 0 0 0.5
r 160 240 256 240 0 315
r 304 352 304 464 0 615
r 432 256 432 352 0 180
r 512 256 512 352 0 460
r 432 416 432 528 0 300
w 80 336 80 240 0
w 80 240 160 240 0
w 256 240 304 240 0
w 304 240 304 352 0
w 304 464 304 576 0
w 304 576 80 576 0
w 80 576 80 416 0
w 304 240 432 240 0
w 432 240 432 256 0
w 432 352 432 416 0
w 432 528 432 576 0
w 432 576 304 576 0
w 432 240 512 240 0
w 512 240 512 256 0
w 512 352 432 352 0

3. http://tinyurl.com/za38hzt

$ 1 0.000005 10.20027730826997 50 5 43
i 176 416 176 304 0 0.75
i 464 480 352 480 0 0.85
r 320 224 416 224 0 31
r 480 224 576 224 0 30
r 304 320 304 400 0 44
r 448 320 448 400 0 56
r 400 416 336 416 0 20
w 176 304 176 224 0
w 176 224 304 224 0
w 304 224 304 320 0
w 304 224 320 224 0
w 304 400 304 416 0
w 304 416 336 416 0
w 400 416 448 416 0
w 448 416 448 400 0
w 448 320 448 224 0
w 448 224 416 224 0
w 304 416 176 416 0
w 448 224 480 224 0
w 576 224 608 224 0
w 608 224 608 304 0
w 608 416 448 416 0
w 176 416 176 480 0
w 176 480 352 480 0
w 464 480 608 480 0
w 608 480 608 416 0
v 608 384 608 304 0 0 40 110 0 0 0.5
w 608 384 608 416 0
o 1 64 0 2083 40 1.6 0 -1 0

4. http://tinyurl.com/hquaylu

$ 1 0.000005 75.37042125545614 82 5 43
v 624 432 624 336 0 1 70 35 0 0 0.5
v 1056 496 960 496 0 1 70 55 0 0 0.5
r 896 224 1008 224 0 12
r 1104 352 1104 448 0 10
r 784 288 880 288 0 14
c 912 336 912 416 0 0.00010499999999999999 -20.358287546143657
c 752 496 832 496 0 0.00019999999999999998 33.67032013617765
w 624 432 624 496 0
w 624 496 720 496 0
w 720 496 752 496 0
w 832 496 912 496 0
w 912 496 912 416 0
w 912 336 912 288 0
w 912 288 880 288 0
w 912 496 960 496 0
w 1056 496 1104 496 0
w 1104 496 1104 448 0
w 1104 224 1008 224 0
w 896 224 624 224 0
w 624 224 624 288 0
w 624 288 624 336 0
w 1104 352 1104 288 0
w 1104 288 1104 224 0
l 656 288 736 288 0 0.12 1.4353827431440036
l 976 288 1056 288 0 0.1 -2.397788364536239
w 624 288 656 288 0
w 736 288 784 288 0
w 912 288 976 288 0
w 1056 288 1104 288 0
o 6 64 0 2083 40 6.4 0 -1 0


5. http://tinyurl.com/zusgkbc

$ 1 0.000005 382.76258214399064 50 5 43
v 624 464 624 352 0 0 40 75 0 0 0.5
r 672 272 784 272 0 25
l 832 368 832 464 0 50 2.9999890925585717
w 624 352 624 272 0
w 624 272 672 272 0
w 784 272 832 272 0
w 832 272 832 368 0
w 832 464 832 528 0
w 832 528 624 528 0
w 624 528 624 464 0





